# Dummy input file to test pomdp-solve
# TODO: Add budget to state
# TODO: Create meaningful observation probabilities

discount: 0.99
values: cost
states: 13
actions: Replan Continue 
observations: BMI_Low_Pain_Low BMI_Low_Pain_Med BMI_Low_Pain_High BMI_Med_Pain_Low BMI_Med_Pain_Med BMI_Med_Pain_High BMI_High_Pain_Low BMI_High_Pain_Med BMI_High_Pain_High 

start: 1.0 0.0 0.0 0.0 0.0 0.0 0.0 0.0 0.0 0.0 0.0 0.0 0.0 

T: Replan
0.88 0.0 0.12 0.0 0.0 0.0 0.0 0.0 0.0 0.0 0.0 0.0 0.0 
0.0 1.0 0.0 0.0 0.0 0.0 0.0 0.0 0.0 0.0 0.0 0.0 0.0 
0.0 1.0 0.0 0.0 0.0 0.0 0.0 0.0 0.0 0.0 0.0 0.0 0.0 
0.0 0.25 0.75 0.0 0.0 0.0 0.0 0.0 0.0 0.0 0.0 0.0 0.0 
0.0 0.25 0.75 0.0 0.0 0.0 0.0 0.0 0.0 0.0 0.0 0.0 0.0 
0.0 0.0 0.5 0.33 0.17 0.0 0.0 0.0 0.0 0.0 0.0 0.0 0.0 
0.0 0.0 0.5 0.33 0.17 0.0 0.0 0.0 0.0 0.0 0.0 0.0 0.0 
0.0 0.0 0.0 0.0 0.5 0.0 0.5 0.0 0.0 0.0 0.0 0.0 0.0 
0.0 0.0 0.0 0.0 0.5 0.0 0.5 0.0 0.0 0.0 0.0 0.0 0.0 
0.0 0.0 0.0 0.0 0.0 0.5 0.0 0.5 0.0 0.0 0.0 0.0 0.0 
0.0 0.0 0.0 0.0 0.0 0.5 0.0 0.5 0.0 0.0 0.0 0.0 0.0 
0.0 0.0 0.0 0.0 0.0 0.0 1.0 0.0 0.0 0.0 0.0 0.0 0.0 
0.0 0.0 0.0 0.0 0.0 0.0 1.0 0.0 0.0 0.0 0.0 0.0 0.0 

T: Continue
0.88 0.0 0.12 0.0 0.0 0.0 0.0 0.0 0.0 0.0 0.0 0.0 0.0 
0.0 1.0 0.0 0.0 0.0 0.0 0.0 0.0 0.0 0.0 0.0 0.0 0.0 
0.0 0.25 0.75 0.0 0.0 0.0 0.0 0.0 0.0 0.0 0.0 0.0 0.0 
0.0 0.0 0.5 0.33 0.17 0.0 0.0 0.0 0.0 0.0 0.0 0.0 0.0 
0.0 0.0 0.0 0.0 0.5 0.0 0.5 0.0 0.0 0.0 0.0 0.0 0.0 
0.0 0.0 0.0 0.0 0.0 0.5 0.0 0.5 0.0 0.0 0.0 0.0 0.0 
0.0 0.0 0.0 0.0 0.0 0.0 1.0 0.0 0.0 0.0 0.0 0.0 0.0 
0.0 0.0 0.0 0.0 0.0 0.0 0.0 1.0 0.0 0.0 0.0 0.0 0.0 
0.0 0.0 0.0 0.0 0.0 0.0 0.0 0.0 1.0 0.0 0.0 0.0 0.0 
0.0 0.0 0.0 0.0 0.0 0.0 0.0 0.0 0.0 1.0 0.0 0.0 0.0 
0.0 0.0 0.0 0.0 0.0 0.0 0.0 0.0 0.0 0.0 1.0 0.0 0.0 
0.0 0.0 0.0 0.0 0.0 0.0 0.0 0.0 0.0 0.0 1.0 0.0 0.0 
0.0 0.0 0.0 0.0 0.0 0.0 0.0 0.0 0.0 0.0 0.0 0.5 0.5 

O: Replan
uniform

O: Continue
uniform

R: Replan : 0
0.0 0.0 0.0 0.0 0.0 0.0 0.0 0.0 0.0 
1.0 2.0 3.0 4.0 5.0 6.0 7.0 8.0 9.0 
2.0 4.0 6.0 8.0 10.0 12.0 14.0 16.0 18.0 
3.0 6.0 9.0 12.0 15.0 18.0 21.0 24.0 27.0 
4.0 8.0 12.0 16.0 20.0 24.0 28.0 32.0 36.0 
5.0 10.0 15.0 20.0 25.0 30.0 35.0 40.0 45.0 
6.0 12.0 18.0 24.0 30.0 36.0 42.0 48.0 54.0 
7.0 14.0 21.0 28.0 35.0 42.0 49.0 56.0 63.0 
8.0 16.0 24.0 32.0 40.0 48.0 56.0 64.0 72.0 
9.0 18.0 27.0 36.0 45.0 54.0 63.0 72.0 81.0 
10.0 20.0 30.0 40.0 50.0 60.0 70.0 80.0 90.0 
11.0 22.0 33.0 44.0 55.0 66.0 77.0 88.0 99.0 
12.0 24.0 36.0 48.0 60.0 72.0 84.0 96.0 108.0 

R: Replan : 1
-1.0 -2.0 -3.0 -4.0 -5.0 -6.0 -7.0 -8.0 -9.0 
0.0 0.0 0.0 0.0 0.0 0.0 0.0 0.0 0.0 
1.0 2.0 3.0 4.0 5.0 6.0 7.0 8.0 9.0 
2.0 4.0 6.0 8.0 10.0 12.0 14.0 16.0 18.0 
3.0 6.0 9.0 12.0 15.0 18.0 21.0 24.0 27.0 
4.0 8.0 12.0 16.0 20.0 24.0 28.0 32.0 36.0 
5.0 10.0 15.0 20.0 25.0 30.0 35.0 40.0 45.0 
6.0 12.0 18.0 24.0 30.0 36.0 42.0 48.0 54.0 
7.0 14.0 21.0 28.0 35.0 42.0 49.0 56.0 63.0 
8.0 16.0 24.0 32.0 40.0 48.0 56.0 64.0 72.0 
9.0 18.0 27.0 36.0 45.0 54.0 63.0 72.0 81.0 
10.0 20.0 30.0 40.0 50.0 60.0 70.0 80.0 90.0 
11.0 22.0 33.0 44.0 55.0 66.0 77.0 88.0 99.0 

R: Replan : 2
-2.0 -4.0 -6.0 -8.0 -10.0 -12.0 -14.0 -16.0 -18.0 
-1.0 -2.0 -3.0 -4.0 -5.0 -6.0 -7.0 -8.0 -9.0 
0.0 0.0 0.0 0.0 0.0 0.0 0.0 0.0 0.0 
1.0 2.0 3.0 4.0 5.0 6.0 7.0 8.0 9.0 
2.0 4.0 6.0 8.0 10.0 12.0 14.0 16.0 18.0 
3.0 6.0 9.0 12.0 15.0 18.0 21.0 24.0 27.0 
4.0 8.0 12.0 16.0 20.0 24.0 28.0 32.0 36.0 
5.0 10.0 15.0 20.0 25.0 30.0 35.0 40.0 45.0 
6.0 12.0 18.0 24.0 30.0 36.0 42.0 48.0 54.0 
7.0 14.0 21.0 28.0 35.0 42.0 49.0 56.0 63.0 
8.0 16.0 24.0 32.0 40.0 48.0 56.0 64.0 72.0 
9.0 18.0 27.0 36.0 45.0 54.0 63.0 72.0 81.0 
10.0 20.0 30.0 40.0 50.0 60.0 70.0 80.0 90.0 

R: Replan : 3
-3.0 -6.0 -9.0 -12.0 -15.0 -18.0 -21.0 -24.0 -27.0 
-2.0 -4.0 -6.0 -8.0 -10.0 -12.0 -14.0 -16.0 -18.0 
-1.0 -2.0 -3.0 -4.0 -5.0 -6.0 -7.0 -8.0 -9.0 
0.0 0.0 0.0 0.0 0.0 0.0 0.0 0.0 0.0 
1.0 2.0 3.0 4.0 5.0 6.0 7.0 8.0 9.0 
2.0 4.0 6.0 8.0 10.0 12.0 14.0 16.0 18.0 
3.0 6.0 9.0 12.0 15.0 18.0 21.0 24.0 27.0 
4.0 8.0 12.0 16.0 20.0 24.0 28.0 32.0 36.0 
5.0 10.0 15.0 20.0 25.0 30.0 35.0 40.0 45.0 
6.0 12.0 18.0 24.0 30.0 36.0 42.0 48.0 54.0 
7.0 14.0 21.0 28.0 35.0 42.0 49.0 56.0 63.0 
8.0 16.0 24.0 32.0 40.0 48.0 56.0 64.0 72.0 
9.0 18.0 27.0 36.0 45.0 54.0 63.0 72.0 81.0 

R: Replan : 4
-4.0 -8.0 -12.0 -16.0 -20.0 -24.0 -28.0 -32.0 -36.0 
-3.0 -6.0 -9.0 -12.0 -15.0 -18.0 -21.0 -24.0 -27.0 
-2.0 -4.0 -6.0 -8.0 -10.0 -12.0 -14.0 -16.0 -18.0 
-1.0 -2.0 -3.0 -4.0 -5.0 -6.0 -7.0 -8.0 -9.0 
0.0 0.0 0.0 0.0 0.0 0.0 0.0 0.0 0.0 
1.0 2.0 3.0 4.0 5.0 6.0 7.0 8.0 9.0 
2.0 4.0 6.0 8.0 10.0 12.0 14.0 16.0 18.0 
3.0 6.0 9.0 12.0 15.0 18.0 21.0 24.0 27.0 
4.0 8.0 12.0 16.0 20.0 24.0 28.0 32.0 36.0 
5.0 10.0 15.0 20.0 25.0 30.0 35.0 40.0 45.0 
6.0 12.0 18.0 24.0 30.0 36.0 42.0 48.0 54.0 
7.0 14.0 21.0 28.0 35.0 42.0 49.0 56.0 63.0 
8.0 16.0 24.0 32.0 40.0 48.0 56.0 64.0 72.0 

R: Replan : 5
-5.0 -10.0 -15.0 -20.0 -25.0 -30.0 -35.0 -40.0 -45.0 
-4.0 -8.0 -12.0 -16.0 -20.0 -24.0 -28.0 -32.0 -36.0 
-3.0 -6.0 -9.0 -12.0 -15.0 -18.0 -21.0 -24.0 -27.0 
-2.0 -4.0 -6.0 -8.0 -10.0 -12.0 -14.0 -16.0 -18.0 
-1.0 -2.0 -3.0 -4.0 -5.0 -6.0 -7.0 -8.0 -9.0 
0.0 0.0 0.0 0.0 0.0 0.0 0.0 0.0 0.0 
1.0 2.0 3.0 4.0 5.0 6.0 7.0 8.0 9.0 
2.0 4.0 6.0 8.0 10.0 12.0 14.0 16.0 18.0 
3.0 6.0 9.0 12.0 15.0 18.0 21.0 24.0 27.0 
4.0 8.0 12.0 16.0 20.0 24.0 28.0 32.0 36.0 
5.0 10.0 15.0 20.0 25.0 30.0 35.0 40.0 45.0 
6.0 12.0 18.0 24.0 30.0 36.0 42.0 48.0 54.0 
7.0 14.0 21.0 28.0 35.0 42.0 49.0 56.0 63.0 

R: Replan : 6
-6.0 -12.0 -18.0 -24.0 -30.0 -36.0 -42.0 -48.0 -54.0 
-5.0 -10.0 -15.0 -20.0 -25.0 -30.0 -35.0 -40.0 -45.0 
-4.0 -8.0 -12.0 -16.0 -20.0 -24.0 -28.0 -32.0 -36.0 
-3.0 -6.0 -9.0 -12.0 -15.0 -18.0 -21.0 -24.0 -27.0 
-2.0 -4.0 -6.0 -8.0 -10.0 -12.0 -14.0 -16.0 -18.0 
-1.0 -2.0 -3.0 -4.0 -5.0 -6.0 -7.0 -8.0 -9.0 
0.0 0.0 0.0 0.0 0.0 0.0 0.0 0.0 0.0 
1.0 2.0 3.0 4.0 5.0 6.0 7.0 8.0 9.0 
2.0 4.0 6.0 8.0 10.0 12.0 14.0 16.0 18.0 
3.0 6.0 9.0 12.0 15.0 18.0 21.0 24.0 27.0 
4.0 8.0 12.0 16.0 20.0 24.0 28.0 32.0 36.0 
5.0 10.0 15.0 20.0 25.0 30.0 35.0 40.0 45.0 
6.0 12.0 18.0 24.0 30.0 36.0 42.0 48.0 54.0 

R: Replan : 7
-7.0 -14.0 -21.0 -28.0 -35.0 -42.0 -49.0 -56.0 -63.0 
-6.0 -12.0 -18.0 -24.0 -30.0 -36.0 -42.0 -48.0 -54.0 
-5.0 -10.0 -15.0 -20.0 -25.0 -30.0 -35.0 -40.0 -45.0 
-4.0 -8.0 -12.0 -16.0 -20.0 -24.0 -28.0 -32.0 -36.0 
-3.0 -6.0 -9.0 -12.0 -15.0 -18.0 -21.0 -24.0 -27.0 
-2.0 -4.0 -6.0 -8.0 -10.0 -12.0 -14.0 -16.0 -18.0 
-1.0 -2.0 -3.0 -4.0 -5.0 -6.0 -7.0 -8.0 -9.0 
0.0 0.0 0.0 0.0 0.0 0.0 0.0 0.0 0.0 
1.0 2.0 3.0 4.0 5.0 6.0 7.0 8.0 9.0 
2.0 4.0 6.0 8.0 10.0 12.0 14.0 16.0 18.0 
3.0 6.0 9.0 12.0 15.0 18.0 21.0 24.0 27.0 
4.0 8.0 12.0 16.0 20.0 24.0 28.0 32.0 36.0 
5.0 10.0 15.0 20.0 25.0 30.0 35.0 40.0 45.0 

R: Replan : 8
-8.0 -16.0 -24.0 -32.0 -40.0 -48.0 -56.0 -64.0 -72.0 
-7.0 -14.0 -21.0 -28.0 -35.0 -42.0 -49.0 -56.0 -63.0 
-6.0 -12.0 -18.0 -24.0 -30.0 -36.0 -42.0 -48.0 -54.0 
-5.0 -10.0 -15.0 -20.0 -25.0 -30.0 -35.0 -40.0 -45.0 
-4.0 -8.0 -12.0 -16.0 -20.0 -24.0 -28.0 -32.0 -36.0 
-3.0 -6.0 -9.0 -12.0 -15.0 -18.0 -21.0 -24.0 -27.0 
-2.0 -4.0 -6.0 -8.0 -10.0 -12.0 -14.0 -16.0 -18.0 
-1.0 -2.0 -3.0 -4.0 -5.0 -6.0 -7.0 -8.0 -9.0 
0.0 0.0 0.0 0.0 0.0 0.0 0.0 0.0 0.0 
1.0 2.0 3.0 4.0 5.0 6.0 7.0 8.0 9.0 
2.0 4.0 6.0 8.0 10.0 12.0 14.0 16.0 18.0 
3.0 6.0 9.0 12.0 15.0 18.0 21.0 24.0 27.0 
4.0 8.0 12.0 16.0 20.0 24.0 28.0 32.0 36.0 

R: Replan : 9
-9.0 -18.0 -27.0 -36.0 -45.0 -54.0 -63.0 -72.0 -81.0 
-8.0 -16.0 -24.0 -32.0 -40.0 -48.0 -56.0 -64.0 -72.0 
-7.0 -14.0 -21.0 -28.0 -35.0 -42.0 -49.0 -56.0 -63.0 
-6.0 -12.0 -18.0 -24.0 -30.0 -36.0 -42.0 -48.0 -54.0 
-5.0 -10.0 -15.0 -20.0 -25.0 -30.0 -35.0 -40.0 -45.0 
-4.0 -8.0 -12.0 -16.0 -20.0 -24.0 -28.0 -32.0 -36.0 
-3.0 -6.0 -9.0 -12.0 -15.0 -18.0 -21.0 -24.0 -27.0 
-2.0 -4.0 -6.0 -8.0 -10.0 -12.0 -14.0 -16.0 -18.0 
-1.0 -2.0 -3.0 -4.0 -5.0 -6.0 -7.0 -8.0 -9.0 
0.0 0.0 0.0 0.0 0.0 0.0 0.0 0.0 0.0 
1.0 2.0 3.0 4.0 5.0 6.0 7.0 8.0 9.0 
2.0 4.0 6.0 8.0 10.0 12.0 14.0 16.0 18.0 
3.0 6.0 9.0 12.0 15.0 18.0 21.0 24.0 27.0 

R: Replan : 10
-10.0 -20.0 -30.0 -40.0 -50.0 -60.0 -70.0 -80.0 -90.0 
-9.0 -18.0 -27.0 -36.0 -45.0 -54.0 -63.0 -72.0 -81.0 
-8.0 -16.0 -24.0 -32.0 -40.0 -48.0 -56.0 -64.0 -72.0 
-7.0 -14.0 -21.0 -28.0 -35.0 -42.0 -49.0 -56.0 -63.0 
-6.0 -12.0 -18.0 -24.0 -30.0 -36.0 -42.0 -48.0 -54.0 
-5.0 -10.0 -15.0 -20.0 -25.0 -30.0 -35.0 -40.0 -45.0 
-4.0 -8.0 -12.0 -16.0 -20.0 -24.0 -28.0 -32.0 -36.0 
-3.0 -6.0 -9.0 -12.0 -15.0 -18.0 -21.0 -24.0 -27.0 
-2.0 -4.0 -6.0 -8.0 -10.0 -12.0 -14.0 -16.0 -18.0 
-1.0 -2.0 -3.0 -4.0 -5.0 -6.0 -7.0 -8.0 -9.0 
0.0 0.0 0.0 0.0 0.0 0.0 0.0 0.0 0.0 
1.0 2.0 3.0 4.0 5.0 6.0 7.0 8.0 9.0 
2.0 4.0 6.0 8.0 10.0 12.0 14.0 16.0 18.0 

R: Replan : 11
-11.0 -22.0 -33.0 -44.0 -55.0 -66.0 -77.0 -88.0 -99.0 
-10.0 -20.0 -30.0 -40.0 -50.0 -60.0 -70.0 -80.0 -90.0 
-9.0 -18.0 -27.0 -36.0 -45.0 -54.0 -63.0 -72.0 -81.0 
-8.0 -16.0 -24.0 -32.0 -40.0 -48.0 -56.0 -64.0 -72.0 
-7.0 -14.0 -21.0 -28.0 -35.0 -42.0 -49.0 -56.0 -63.0 
-6.0 -12.0 -18.0 -24.0 -30.0 -36.0 -42.0 -48.0 -54.0 
-5.0 -10.0 -15.0 -20.0 -25.0 -30.0 -35.0 -40.0 -45.0 
-4.0 -8.0 -12.0 -16.0 -20.0 -24.0 -28.0 -32.0 -36.0 
-3.0 -6.0 -9.0 -12.0 -15.0 -18.0 -21.0 -24.0 -27.0 
-2.0 -4.0 -6.0 -8.0 -10.0 -12.0 -14.0 -16.0 -18.0 
-1.0 -2.0 -3.0 -4.0 -5.0 -6.0 -7.0 -8.0 -9.0 
0.0 0.0 0.0 0.0 0.0 0.0 0.0 0.0 0.0 
1.0 2.0 3.0 4.0 5.0 6.0 7.0 8.0 9.0 

R: Replan : 12
-12.0 -24.0 -36.0 -48.0 -60.0 -72.0 -84.0 -96.0 -108.0 
-11.0 -22.0 -33.0 -44.0 -55.0 -66.0 -77.0 -88.0 -99.0 
-10.0 -20.0 -30.0 -40.0 -50.0 -60.0 -70.0 -80.0 -90.0 
-9.0 -18.0 -27.0 -36.0 -45.0 -54.0 -63.0 -72.0 -81.0 
-8.0 -16.0 -24.0 -32.0 -40.0 -48.0 -56.0 -64.0 -72.0 
-7.0 -14.0 -21.0 -28.0 -35.0 -42.0 -49.0 -56.0 -63.0 
-6.0 -12.0 -18.0 -24.0 -30.0 -36.0 -42.0 -48.0 -54.0 
-5.0 -10.0 -15.0 -20.0 -25.0 -30.0 -35.0 -40.0 -45.0 
-4.0 -8.0 -12.0 -16.0 -20.0 -24.0 -28.0 -32.0 -36.0 
-3.0 -6.0 -9.0 -12.0 -15.0 -18.0 -21.0 -24.0 -27.0 
-2.0 -4.0 -6.0 -8.0 -10.0 -12.0 -14.0 -16.0 -18.0 
-1.0 -2.0 -3.0 -4.0 -5.0 -6.0 -7.0 -8.0 -9.0 
0.0 0.0 0.0 0.0 0.0 0.0 0.0 0.0 0.0 

R: Continue : 0
0.0 0.0 0.0 0.0 0.0 0.0 0.0 0.0 0.0 
3.0 6.0 9.0 12.0 15.0 18.0 21.0 24.0 27.0 
6.0 12.0 18.0 24.0 30.0 36.0 42.0 48.0 54.0 
9.0 18.0 27.0 36.0 45.0 54.0 63.0 72.0 81.0 
12.0 24.0 36.0 48.0 60.0 72.0 84.0 96.0 108.0 
15.0 30.0 45.0 60.0 75.0 90.0 105.0 120.0 135.0 
18.0 36.0 54.0 72.0 90.0 108.0 126.0 144.0 162.0 
21.0 42.0 63.0 84.0 105.0 126.0 147.0 168.0 189.0 
24.0 48.0 72.0 96.0 120.0 144.0 168.0 192.0 216.0 
27.0 54.0 81.0 108.0 135.0 162.0 189.0 216.0 243.0 
30.0 60.0 90.0 120.0 150.0 180.0 210.0 240.0 270.0 
33.0 66.0 99.0 132.0 165.0 198.0 231.0 264.0 297.0 
36.0 72.0 108.0 144.0 180.0 216.0 252.0 288.0 324.0 

R: Continue : 1
-3.0 -6.0 -9.0 -12.0 -15.0 -18.0 -21.0 -24.0 -27.0 
0.0 0.0 0.0 0.0 0.0 0.0 0.0 0.0 0.0 
3.0 6.0 9.0 12.0 15.0 18.0 21.0 24.0 27.0 
6.0 12.0 18.0 24.0 30.0 36.0 42.0 48.0 54.0 
9.0 18.0 27.0 36.0 45.0 54.0 63.0 72.0 81.0 
12.0 24.0 36.0 48.0 60.0 72.0 84.0 96.0 108.0 
15.0 30.0 45.0 60.0 75.0 90.0 105.0 120.0 135.0 
18.0 36.0 54.0 72.0 90.0 108.0 126.0 144.0 162.0 
21.0 42.0 63.0 84.0 105.0 126.0 147.0 168.0 189.0 
24.0 48.0 72.0 96.0 120.0 144.0 168.0 192.0 216.0 
27.0 54.0 81.0 108.0 135.0 162.0 189.0 216.0 243.0 
30.0 60.0 90.0 120.0 150.0 180.0 210.0 240.0 270.0 
33.0 66.0 99.0 132.0 165.0 198.0 231.0 264.0 297.0 

R: Continue : 2
-6.0 -12.0 -18.0 -24.0 -30.0 -36.0 -42.0 -48.0 -54.0 
-3.0 -6.0 -9.0 -12.0 -15.0 -18.0 -21.0 -24.0 -27.0 
0.0 0.0 0.0 0.0 0.0 0.0 0.0 0.0 0.0 
3.0 6.0 9.0 12.0 15.0 18.0 21.0 24.0 27.0 
6.0 12.0 18.0 24.0 30.0 36.0 42.0 48.0 54.0 
9.0 18.0 27.0 36.0 45.0 54.0 63.0 72.0 81.0 
12.0 24.0 36.0 48.0 60.0 72.0 84.0 96.0 108.0 
15.0 30.0 45.0 60.0 75.0 90.0 105.0 120.0 135.0 
18.0 36.0 54.0 72.0 90.0 108.0 126.0 144.0 162.0 
21.0 42.0 63.0 84.0 105.0 126.0 147.0 168.0 189.0 
24.0 48.0 72.0 96.0 120.0 144.0 168.0 192.0 216.0 
27.0 54.0 81.0 108.0 135.0 162.0 189.0 216.0 243.0 
30.0 60.0 90.0 120.0 150.0 180.0 210.0 240.0 270.0 

R: Continue : 3
-9.0 -18.0 -27.0 -36.0 -45.0 -54.0 -63.0 -72.0 -81.0 
-6.0 -12.0 -18.0 -24.0 -30.0 -36.0 -42.0 -48.0 -54.0 
-3.0 -6.0 -9.0 -12.0 -15.0 -18.0 -21.0 -24.0 -27.0 
0.0 0.0 0.0 0.0 0.0 0.0 0.0 0.0 0.0 
3.0 6.0 9.0 12.0 15.0 18.0 21.0 24.0 27.0 
6.0 12.0 18.0 24.0 30.0 36.0 42.0 48.0 54.0 
9.0 18.0 27.0 36.0 45.0 54.0 63.0 72.0 81.0 
12.0 24.0 36.0 48.0 60.0 72.0 84.0 96.0 108.0 
15.0 30.0 45.0 60.0 75.0 90.0 105.0 120.0 135.0 
18.0 36.0 54.0 72.0 90.0 108.0 126.0 144.0 162.0 
21.0 42.0 63.0 84.0 105.0 126.0 147.0 168.0 189.0 
24.0 48.0 72.0 96.0 120.0 144.0 168.0 192.0 216.0 
27.0 54.0 81.0 108.0 135.0 162.0 189.0 216.0 243.0 

R: Continue : 4
-12.0 -24.0 -36.0 -48.0 -60.0 -72.0 -84.0 -96.0 -108.0 
-9.0 -18.0 -27.0 -36.0 -45.0 -54.0 -63.0 -72.0 -81.0 
-6.0 -12.0 -18.0 -24.0 -30.0 -36.0 -42.0 -48.0 -54.0 
-3.0 -6.0 -9.0 -12.0 -15.0 -18.0 -21.0 -24.0 -27.0 
0.0 0.0 0.0 0.0 0.0 0.0 0.0 0.0 0.0 
3.0 6.0 9.0 12.0 15.0 18.0 21.0 24.0 27.0 
6.0 12.0 18.0 24.0 30.0 36.0 42.0 48.0 54.0 
9.0 18.0 27.0 36.0 45.0 54.0 63.0 72.0 81.0 
12.0 24.0 36.0 48.0 60.0 72.0 84.0 96.0 108.0 
15.0 30.0 45.0 60.0 75.0 90.0 105.0 120.0 135.0 
18.0 36.0 54.0 72.0 90.0 108.0 126.0 144.0 162.0 
21.0 42.0 63.0 84.0 105.0 126.0 147.0 168.0 189.0 
24.0 48.0 72.0 96.0 120.0 144.0 168.0 192.0 216.0 

R: Continue : 5
-15.0 -30.0 -45.0 -60.0 -75.0 -90.0 -105.0 -120.0 -135.0 
-12.0 -24.0 -36.0 -48.0 -60.0 -72.0 -84.0 -96.0 -108.0 
-9.0 -18.0 -27.0 -36.0 -45.0 -54.0 -63.0 -72.0 -81.0 
-6.0 -12.0 -18.0 -24.0 -30.0 -36.0 -42.0 -48.0 -54.0 
-3.0 -6.0 -9.0 -12.0 -15.0 -18.0 -21.0 -24.0 -27.0 
0.0 0.0 0.0 0.0 0.0 0.0 0.0 0.0 0.0 
3.0 6.0 9.0 12.0 15.0 18.0 21.0 24.0 27.0 
6.0 12.0 18.0 24.0 30.0 36.0 42.0 48.0 54.0 
9.0 18.0 27.0 36.0 45.0 54.0 63.0 72.0 81.0 
12.0 24.0 36.0 48.0 60.0 72.0 84.0 96.0 108.0 
15.0 30.0 45.0 60.0 75.0 90.0 105.0 120.0 135.0 
18.0 36.0 54.0 72.0 90.0 108.0 126.0 144.0 162.0 
21.0 42.0 63.0 84.0 105.0 126.0 147.0 168.0 189.0 

R: Continue : 6
-18.0 -36.0 -54.0 -72.0 -90.0 -108.0 -126.0 -144.0 -162.0 
-15.0 -30.0 -45.0 -60.0 -75.0 -90.0 -105.0 -120.0 -135.0 
-12.0 -24.0 -36.0 -48.0 -60.0 -72.0 -84.0 -96.0 -108.0 
-9.0 -18.0 -27.0 -36.0 -45.0 -54.0 -63.0 -72.0 -81.0 
-6.0 -12.0 -18.0 -24.0 -30.0 -36.0 -42.0 -48.0 -54.0 
-3.0 -6.0 -9.0 -12.0 -15.0 -18.0 -21.0 -24.0 -27.0 
0.0 0.0 0.0 0.0 0.0 0.0 0.0 0.0 0.0 
3.0 6.0 9.0 12.0 15.0 18.0 21.0 24.0 27.0 
6.0 12.0 18.0 24.0 30.0 36.0 42.0 48.0 54.0 
9.0 18.0 27.0 36.0 45.0 54.0 63.0 72.0 81.0 
12.0 24.0 36.0 48.0 60.0 72.0 84.0 96.0 108.0 
15.0 30.0 45.0 60.0 75.0 90.0 105.0 120.0 135.0 
18.0 36.0 54.0 72.0 90.0 108.0 126.0 144.0 162.0 

R: Continue : 7
-21.0 -42.0 -63.0 -84.0 -105.0 -126.0 -147.0 -168.0 -189.0 
-18.0 -36.0 -54.0 -72.0 -90.0 -108.0 -126.0 -144.0 -162.0 
-15.0 -30.0 -45.0 -60.0 -75.0 -90.0 -105.0 -120.0 -135.0 
-12.0 -24.0 -36.0 -48.0 -60.0 -72.0 -84.0 -96.0 -108.0 
-9.0 -18.0 -27.0 -36.0 -45.0 -54.0 -63.0 -72.0 -81.0 
-6.0 -12.0 -18.0 -24.0 -30.0 -36.0 -42.0 -48.0 -54.0 
-3.0 -6.0 -9.0 -12.0 -15.0 -18.0 -21.0 -24.0 -27.0 
0.0 0.0 0.0 0.0 0.0 0.0 0.0 0.0 0.0 
3.0 6.0 9.0 12.0 15.0 18.0 21.0 24.0 27.0 
6.0 12.0 18.0 24.0 30.0 36.0 42.0 48.0 54.0 
9.0 18.0 27.0 36.0 45.0 54.0 63.0 72.0 81.0 
12.0 24.0 36.0 48.0 60.0 72.0 84.0 96.0 108.0 
15.0 30.0 45.0 60.0 75.0 90.0 105.0 120.0 135.0 

R: Continue : 8
-24.0 -48.0 -72.0 -96.0 -120.0 -144.0 -168.0 -192.0 -216.0 
-21.0 -42.0 -63.0 -84.0 -105.0 -126.0 -147.0 -168.0 -189.0 
-18.0 -36.0 -54.0 -72.0 -90.0 -108.0 -126.0 -144.0 -162.0 
-15.0 -30.0 -45.0 -60.0 -75.0 -90.0 -105.0 -120.0 -135.0 
-12.0 -24.0 -36.0 -48.0 -60.0 -72.0 -84.0 -96.0 -108.0 
-9.0 -18.0 -27.0 -36.0 -45.0 -54.0 -63.0 -72.0 -81.0 
-6.0 -12.0 -18.0 -24.0 -30.0 -36.0 -42.0 -48.0 -54.0 
-3.0 -6.0 -9.0 -12.0 -15.0 -18.0 -21.0 -24.0 -27.0 
0.0 0.0 0.0 0.0 0.0 0.0 0.0 0.0 0.0 
3.0 6.0 9.0 12.0 15.0 18.0 21.0 24.0 27.0 
6.0 12.0 18.0 24.0 30.0 36.0 42.0 48.0 54.0 
9.0 18.0 27.0 36.0 45.0 54.0 63.0 72.0 81.0 
12.0 24.0 36.0 48.0 60.0 72.0 84.0 96.0 108.0 

R: Continue : 9
-27.0 -54.0 -81.0 -108.0 -135.0 -162.0 -189.0 -216.0 -243.0 
-24.0 -48.0 -72.0 -96.0 -120.0 -144.0 -168.0 -192.0 -216.0 
-21.0 -42.0 -63.0 -84.0 -105.0 -126.0 -147.0 -168.0 -189.0 
-18.0 -36.0 -54.0 -72.0 -90.0 -108.0 -126.0 -144.0 -162.0 
-15.0 -30.0 -45.0 -60.0 -75.0 -90.0 -105.0 -120.0 -135.0 
-12.0 -24.0 -36.0 -48.0 -60.0 -72.0 -84.0 -96.0 -108.0 
-9.0 -18.0 -27.0 -36.0 -45.0 -54.0 -63.0 -72.0 -81.0 
-6.0 -12.0 -18.0 -24.0 -30.0 -36.0 -42.0 -48.0 -54.0 
-3.0 -6.0 -9.0 -12.0 -15.0 -18.0 -21.0 -24.0 -27.0 
0.0 0.0 0.0 0.0 0.0 0.0 0.0 0.0 0.0 
3.0 6.0 9.0 12.0 15.0 18.0 21.0 24.0 27.0 
6.0 12.0 18.0 24.0 30.0 36.0 42.0 48.0 54.0 
9.0 18.0 27.0 36.0 45.0 54.0 63.0 72.0 81.0 

R: Continue : 10
-30.0 -60.0 -90.0 -120.0 -150.0 -180.0 -210.0 -240.0 -270.0 
-27.0 -54.0 -81.0 -108.0 -135.0 -162.0 -189.0 -216.0 -243.0 
-24.0 -48.0 -72.0 -96.0 -120.0 -144.0 -168.0 -192.0 -216.0 
-21.0 -42.0 -63.0 -84.0 -105.0 -126.0 -147.0 -168.0 -189.0 
-18.0 -36.0 -54.0 -72.0 -90.0 -108.0 -126.0 -144.0 -162.0 
-15.0 -30.0 -45.0 -60.0 -75.0 -90.0 -105.0 -120.0 -135.0 
-12.0 -24.0 -36.0 -48.0 -60.0 -72.0 -84.0 -96.0 -108.0 
-9.0 -18.0 -27.0 -36.0 -45.0 -54.0 -63.0 -72.0 -81.0 
-6.0 -12.0 -18.0 -24.0 -30.0 -36.0 -42.0 -48.0 -54.0 
-3.0 -6.0 -9.0 -12.0 -15.0 -18.0 -21.0 -24.0 -27.0 
0.0 0.0 0.0 0.0 0.0 0.0 0.0 0.0 0.0 
3.0 6.0 9.0 12.0 15.0 18.0 21.0 24.0 27.0 
6.0 12.0 18.0 24.0 30.0 36.0 42.0 48.0 54.0 

R: Continue : 11
-33.0 -66.0 -99.0 -132.0 -165.0 -198.0 -231.0 -264.0 -297.0 
-30.0 -60.0 -90.0 -120.0 -150.0 -180.0 -210.0 -240.0 -270.0 
-27.0 -54.0 -81.0 -108.0 -135.0 -162.0 -189.0 -216.0 -243.0 
-24.0 -48.0 -72.0 -96.0 -120.0 -144.0 -168.0 -192.0 -216.0 
-21.0 -42.0 -63.0 -84.0 -105.0 -126.0 -147.0 -168.0 -189.0 
-18.0 -36.0 -54.0 -72.0 -90.0 -108.0 -126.0 -144.0 -162.0 
-15.0 -30.0 -45.0 -60.0 -75.0 -90.0 -105.0 -120.0 -135.0 
-12.0 -24.0 -36.0 -48.0 -60.0 -72.0 -84.0 -96.0 -108.0 
-9.0 -18.0 -27.0 -36.0 -45.0 -54.0 -63.0 -72.0 -81.0 
-6.0 -12.0 -18.0 -24.0 -30.0 -36.0 -42.0 -48.0 -54.0 
-3.0 -6.0 -9.0 -12.0 -15.0 -18.0 -21.0 -24.0 -27.0 
0.0 0.0 0.0 0.0 0.0 0.0 0.0 0.0 0.0 
3.0 6.0 9.0 12.0 15.0 18.0 21.0 24.0 27.0 

R: Continue : 12
-36.0 -72.0 -108.0 -144.0 -180.0 -216.0 -252.0 -288.0 -324.0 
-33.0 -66.0 -99.0 -132.0 -165.0 -198.0 -231.0 -264.0 -297.0 
-30.0 -60.0 -90.0 -120.0 -150.0 -180.0 -210.0 -240.0 -270.0 
-27.0 -54.0 -81.0 -108.0 -135.0 -162.0 -189.0 -216.0 -243.0 
-24.0 -48.0 -72.0 -96.0 -120.0 -144.0 -168.0 -192.0 -216.0 
-21.0 -42.0 -63.0 -84.0 -105.0 -126.0 -147.0 -168.0 -189.0 
-18.0 -36.0 -54.0 -72.0 -90.0 -108.0 -126.0 -144.0 -162.0 
-15.0 -30.0 -45.0 -60.0 -75.0 -90.0 -105.0 -120.0 -135.0 
-12.0 -24.0 -36.0 -48.0 -60.0 -72.0 -84.0 -96.0 -108.0 
-9.0 -18.0 -27.0 -36.0 -45.0 -54.0 -63.0 -72.0 -81.0 
-6.0 -12.0 -18.0 -24.0 -30.0 -36.0 -42.0 -48.0 -54.0 
-3.0 -6.0 -9.0 -12.0 -15.0 -18.0 -21.0 -24.0 -27.0 
0.0 0.0 0.0 0.0 0.0 0.0 0.0 0.0 0.0 

